Robot 1 
[.0 0.18814295121277247 0.35951980256126204 0.5371666850403214 0.7352402886762577 0.9346248724266291 1.072051214793702 1.2720060714818882 1.4713896976367449 1.6707733237916016 1.870156949946458 2.]
[0.0 0.06783973694633783 -0.0352620323007401 -0.1271401316795978 -0.09944811942562803 -0.08377049962250915 0.06153607429487429 0.057286922990565925 0.041597129450167025 0.025907335909768126 0.010217542369369337 0.0]

Robot 2 
[.0 0.1297873062115814 0.30305022401044357 0.47503013716211984 0.6734493255051393 0.6985072891999526 0.8965709469623158 1.08428817922272 1.272005411483124 1.4060547180113552 1.6057066916441474 1.787576704931272 1.9741737161351267 2.]
[0.0 0.15216850904947843 0.05226875271431641 0.15436140412636412 0.1794577324892419 0.37788176947939434 0.4056448289972776 0.33663583891269866 0.2676268488281197 0.1191991444757976 0.10740552651815372 0.19061188605239332 0.11862886437513542 0.0]

Robot 3 
[.0 0.16383493294933538 0.360913705255522 0.5294374037379193 0.6926325317829953 0.8916372154364693 1.0696571874718472 1.2586227644889538 1.430541195812335 1.6024596271357163 1.802315899553932 1.928249287374872 2.]
[0.0 0.11470882592672094 0.08065067702977863 0.1883528731532284 0.3039701304392895 0.2840418619751032 0.3751949724899029 0.44070841158900725 0.338512262095458 0.2363161126019087 0.24389703438597005 0.08852399350712042 0.0]

Robot 4 
[.0 0.19597670135017986 0.3959744063715309 0.5938719708099462 0.7923151590391546 0.9396432648090411 1.1265222151307666 1.2940581223617862 1.4933131123629395 1.5366468765796482 1.7330610375036146 1.8149443762901876 2.]
[0.0 0.03991406428694566 0.040872180246858236 0.011948937182789887 0.036854780782774266 0.17211168171672708 0.10086381910562758 -0.008368592697276411 -0.025615301358357767 -0.22086433433627217 -0.18316184915910827 -0.0006923480660122605 0.0]

Robot 5 
[.0 0.107156397133779 0.30713093614839426 0.5015223127085187 0.682171632856881 0.8399611636275721 0.9744955020679367 1.161628737461395 1.1929559555414482 1.3791939973742724 1.5545839289349561 1.7514523389303633 1.9402544625596785 1.9701858478748613 2.]
[0.0 0.16887127213741193 0.1656800739467461 0.21271190060763523 0.2985362743597024 0.17564419170518364 0.32363240671034355 0.39420968500284004 0.4727477495964485 0.3998410162018218 0.4959574659237016 0.46070368391552163 0.39472067009332057 0.19697307295718836 0.0]

