Robot 1 
[.0 0.19999999999999996 0.37133438829747734 0.5709342981740426 0.7575306872917713 0.954445889247818 1.0662630685089298 1.2660950271487643 1.4645900728671026 1.6516190176120702 1.843453846838138 2.]
[0.0 0.0 0.10317231889770262 0.09052811163639096 0.1625127458872172 0.12752127208845676 -0.038300675862013245 -0.030103828531027332 -0.054592944996812554 0.01626024002393245 -0.04030298385700737 0.0]

Robot 2 
[.0 0.19872921990997783 0.3941462526816568 0.5939822147483536 0.6502577344787535 0.8482632595679447 1.0234575799968026 1.1691361638352118 1.3666507061807045 1.5638353162777614 1.747679193158226 1.9475068352181415 1.9759641277375724 2.]
[0.0 0.02250993456169259 0.06507968089300809 0.05698102267835692 0.24890044816487045 0.22072577808421712 0.31719831349959104 0.45423024485442376 0.48566280062150335 0.45222286131426626 0.37347370935971735 0.3651722956985246 0.16720719144410423 0.0]

Robot 3 
[.0 0.17946804868432098 0.3792333860400192 0.4278476068946566 0.621683694603459 0.8187800599776136 1.010245802805743 1.2042872512929566 1.39832869978017 1.5906632189279692 1.7857575001477666 1.9637127523501912 2.]
[0.0 0.08826788488143483 0.07858232908096086 0.2725840237403028 0.22331363606428117 0.18935744728671433 0.24715770094768458 0.19870239918426552 0.15024709742084646 0.2050871625574317 0.24911239890353903 0.15783300246835535 0.0]

Robot 4 
[.0 0.17502811179706157 0.374747511501059 0.5352973475222509 0.7352463590358891 0.9350327564962537 1.0719472232059108 1.2545791515371718 1.4491403392440092 1.6235958331880043 1.7247587911669093 1.8801221220359854 2.]
[0.0 -0.09677375719044579 -0.08618313011387846 0.03308023456098064 0.028564396353192634 0.03780535895506665 0.18359434621271287 0.10207392696694917 0.14839826439453396 0.05059601169677275 0.2231244323495981 0.09717906553816669 0.0]

Robot 5 
[.0 -0.1000240959984251 -0.01062433362626014 0.1875962992592326 0.3860912020847831 0.5751857432722347 0.7747776438978482 0.9623047629303554 1.090830004436929 1.2792974820316152 1.4680704046774737 1.5568988607562417 1.6726397154274748 1.8539516648920142 2.]
[0.0 0.17319116669073464 0.35209807680826044 0.37871725595553474 0.3542269813087431 0.4193672491398406 0.40659723721129026 0.4761211872383706 0.3228852179110715 0.25595234191506777 0.1898858324284851 0.010694578761732743 -0.15241291511875232 -0.06799741309828011 0.0]

