Robot 1 
[.0 0.19874650517178916 0.3005421925189169 0.5004878261828651 0.585227838743172 0.7776215002531583 0.9392457362624764 1.1245553086712725 1.3118256100912558 1.498380525341631 1.6983739374557905 1.8379661113096688 2.0347796578367747 2.]
[0.0 -0.0223568039307942 -0.19451265784673233 -0.19917565888921995 -0.018015149198837732 0.03661706667037956 -0.08118618597743266 -0.005950806177306922 -0.07616358425985148 -0.004071534795813236 -0.0024482323175536447 0.14077894736126517 0.17633774238334976 0.0]

Robot 2 
[.0 0.19999341160460238 0.37339695788620053 0.5344800797843126 0.711170235658328 0.8656322105052763 1.06563085281599 1.226868198139917 1.4266074000806868 1.6227407437030505 1.8226211228687745 2.]
[0.0 0.001623365255297049 -0.09803209188060524 -0.21657418499338088 -0.12286938886630883 0.004179807614348663 0.0034428721550281427 -0.11488936551878881 -0.12509971360611738 -0.08596262736414251 -0.07904641275161728 0.0]

Robot 3 
[.0 0.13912125913424833 0.32693308480804584 0.5258527352898874 0.6189131528875895 0.8143957464303553 1.0065072565935278 1.2058795736175791 1.393244966307956 1.5225358548768337 1.7133065105330885 1.8226300074672461 1.9319535044014033 2.]
[0.0 0.14368463820778232 0.21243577010446563 0.23319565093702338 0.4102260400699101 0.36795837368301537 0.31234212009806755 0.29650926803467686 0.226550640103729 0.37914115793845565 0.4391957742512978 0.27171928928075856 0.1042428043102192 0.0]

Robot 4 
[.0 0.19669281209516587 0.39635188682507083 0.5615519004918559 0.75329244911164 0.95328837414361 1.15328429917558 1.2741559423106565 1.4423180247131238 1.6402552702383946 1.7935056060857097 1.9901712961090574 2.]
[0.0 -0.036220680144024575 -0.047893463787966106 0.06484053944306445 0.007958538643301982 0.006681835621221377 0.005405132599140772 0.1647476752104181 0.27301361649421174 0.3016640411659096 0.17315593028303555 0.13678827476827282 0.0]

Robot 5 
[.0 -0.14394319465921712 -0.05420829083193213 0.12886360597485735 0.19466390589216864 0.36726931858544143 0.5668314126786997 0.7576561396019974 0.9277800244026055 1.0583841652288588 1.2576405761463243 1.4320178594434823 1.506528288183452 1.705488751991446 1.7980592254764365 1.8872012988466662 2.]
[0.0 -0.13885372415350883 -0.31759277146860443 -0.39812028601837923 -0.20925440627618785 -0.10822286907623724 -0.09499522374104741 -0.035112642011057904 0.0700437359236612 -0.08142427521742479 -0.06419399059150477 0.03374764034193789 0.21934989250765358 0.19898487737610915 0.021697801031653974 -0.15733764449591914 0.0]

